0.06283185307179587 0.0 0.03207231221692576 0.0002571580194178483 0.016036147274761738
0.12566370614359174 0.0 0.03204440275280973 0.0002567063989472809 0.016022059759821173
0.1884955592153876 0.0 0.031998062658877724 0.00025594598843132837 0.01599831204944223
0.25132741228718347 0.0 0.03193356262827125 0.00025486518411349784 0.015964497615443395
0.3141592653589793 0.0 0.0318512962028075 0.0002534476673031892 0.015920039802186085
0.3769911184307752 0.0 0.031751794873559926 0.0002516723428214803 0.01586418427847711
0.4398229715025711 0.0 0.031635748269068946 0.00024951327808538716 0.01579598930378807
0.5026548245743669 0.0 0.031504030041348066 0.00024693965879885553 0.01571431381889949
0.5654866776461628 0.0 0.03135773022951127 0.0002439157835283004 0.015617803415599148
0.6283185307179586 0.0 0.031198195071043225 0.00024040112770332172 0.015504874320784472
0.6911503837897546 0.0 0.03102707544566553 0.00023635051845771735 0.015373695666875853
0.7539822368615504 0.0 0.030846385379827805 0.00023171447603629973 0.015222170542872646
0.8168140899333463 0.0 0.030658572314481793 0.00022643979629562315 0.01504791667625865
0.8796459430051422 0.0 0.03046660114696768 0.0002204704734469654 0.014848248160876265
0.942477796076938 0.0 0.03027405439898948 0.00021374909427362146 0.014620160541992057
1.0053096491487339 0.0 0.030085251231785445 0.0002062188766139302 0.014360322998245207
1.0681415022205298 0.0 0.029905388412584957 0.0001978265783158885 0.014065083658332377
1.1309733552923256 0.0 0.029740706706776938 0.0001885265708983417 0.013730497838692584
1.1938052083641215 0.0 0.029598686488286254 0.00017828645795202571 0.013352395214044022
1.2566370614359172 0.0 0.029488276566222712 0.00016709472518437442 0.012926512491170015
1.3194689145077132 0.0 0.02942016024125184 0.0001549710401600989 0.012448736488499501
1.3823007675795091 0.0 0.029407062296972312 0.00014197997695326853 0.01191553510981645
1.4451326206513049 0.0 0.029464099797311835 0.00012824912306080944 0.011324712935028836
1.5079644737231008 0.0 0.02960917787702132 0.00011399272630105934 0.010676737624436565
1.5707963267948968 0.0 0.029863428743151767 9.954224251154647e-5 0.009977085872715863
1.6336281798666925 0.0 0.030251687272382817 8.53853200910286e-5 0.009240417744400337
1.6964600329384885 0.0 0.030802989151102272 7.221485020250718e-5 0.008497932113314814
1.7592918860102844 0.0 0.03155106649723826 6.0989629892993194e-5 0.007809585769616286
1.8221237390820801 0.0 0.03253480009685009 5.300778329021259e-5 0.007280644428222861
1.884955592153876 0.0 0.03379856538471903 4.999314390347982e-5 0.007070582996010995
1.9477874452256718 0.0 0.035392379724736564 5.4193006510311835e-5 0.0073615899444557376
2.0106192982974678 0.0 0.037371720429011275 6.848259399554932e-5 0.008275421076631045
2.0734511513692637 0.0 0.039796836386675076 9.64667494930576e-5 0.00982174880014031
2.1362830044410597 0.0 0.04273132344461756 0.00014256224142343975 0.011939943108048703
2.199114857512855 0.0 0.04623968107614546 0.00021203431243917628 0.014561398024886768
2.261946710584651 0.0 0.050383528066920695 0.00031094888940505597 0.01763374292103228
2.324778563656447 0.0 0.05521614972195938 0.00044598848594211687 0.021118439476962233
2.387610416728243 0.0 0.06077511141646906 0.0006240684904988958 0.024981362863120495
2.450442269800039 0.0 0.06707284684300155 0.0008516872943628663 0.029183681987762722
2.5132741228718345 0.0 0.07408546212548502 0.0011339579579463196 0.03367429224120857
2.5761059759436304 0.0 0.08174052507573416 0.0014733126808885598 0.03838375542972
2.6389378290154264 0.0 0.08990532606617001 0.0018679549063630634 0.04321984389563506
2.7017696820872223 0.0 0.09837791308415487 0.002310259381754661 0.04806515766909187
2.7646015351590183 0.0 0.10688390457438589 0.0027854701036816197 0.05277755302855201
2.8274333882308142 0.0 0.11508232481319727 0.0032711723290592912 0.057194163417776216
2.8902652413026098 0.0 0.1225830800149402 0.0037380415059024403 0.061139524907398816
2.9530970943744057 0.0 0.12897690113154256 0.004152217493778664 0.06443770242473473
3.0159289474462017 0.0 0.13387568239655723 0.004479279231580498 0.06692741763717241
3.0787608005179976 0.0 0.13695776612865482 0.004689266057991332 0.06847821593756172
3.1415926535897936 0.0 0.1380100160459335 0.004761691132249704 0.06900500802296675
3.141592653589793 0.06283185307179587 0.13809510723322022 0.004767563897781177 0.06904754809391263
3.141592653589793 0.12566370614359174 0.13835108893567982 0.004785243703414134 0.06917545593210163
3.141592653589793 0.1884955592153876 0.1387800978130608 0.004814916481689545 0.06938959923280683
3.141592653589793 0.25132741228718347 0.13938573611967636 0.004856896860251842 0.0696914403657425
3.141592653589793 0.3141592653589793 0.14017313471856607 0.004911635468921453 0.07008306121254589
3.141592653589793 0.3769911184307752 0.1411490439252831 0.0049797295756808 0.07056719900690972
3.141592653589793 0.4398229715025711 0.14232195494885314 0.005061937487096914 0.07114729430622724
3.141592653589793 0.5026548245743669 0.1437022557034819 0.005159197317978197 0.07182755263809422
3.141592653589793 0.5654866776461628 0.14530242595181167 0.005272650943245941 0.07261302185728082
3.141592653589793 0.6283185307179586 0.1471372781716171 0.0054036742072294435 0.073509687846089
3.141592653589793 0.6911503837897546 0.14922425229449005 0.005553914802225116 0.07452459192927605
3.141592653589793 0.7539822368615504 0.15158377465182665 0.0057253396667899595 0.0756659743001434
3.141592653589793 0.8168140899333463 0.15423969421734995 0.005920294332930262 0.07694344892796437
3.141592653589793 0.8796459430051422 0.15721981274133087 0.006141577423477264 0.07836821692164027
3.141592653589793 0.942477796076938 0.16055652987479624 0.006392534541705515 0.07995332727101177
3.141592653589793 1.0053096491487339 0.1642876302182999 0.006677177212311939 0.08171399642846958
3.141592653589793 1.0681415022205298 0.16845724685730504 0.007000334481563659 0.08366800153920051
3.141592653589793 1.1309733552923256 0.17311704599568206 0.007367847491312705 0.08583616656930053
3.141592653589793 1.1938052083641215 0.17832769064916618 0.007786821141144471 0.08824296652506913
3.141592653589793 1.2566370614359172 0.18416065924198002 0.008265952344238362 0.09091728297875142
3.141592653589793 1.3194689145077132 0.19070051911429017 0.008815962120734306 0.09389335504035579
3.141592653589793 1.3823007675795091 0.19804778790169528 0.009450170013948267 0.0972119849295768
3.141592653589793 1.4451326206513049 0.20632256113212757 0.010185265857107247 0.10092207814500873
3.141592653589793 1.5079644737231008 0.21566914756590808 0.011042358598388905 0.10508262748137251
3.141592653589793 1.5707963267948968 0.22626204281260595 0.012048419262472113 0.10976529170221393
3.141592653589793 1.6336281798666925 0.23831369865113236 0.013238292605813095 0.1150577794232667
3.141592653589793 1.6964600329384885 0.25208472850152785 0.014657541904005205 0.12106833567867861
3.141592653589793 1.7592918860102844 0.267897457799955 0.016366534495149732 0.12793175717995017
3.141592653589793 1.8221237390820801 0.28615412999974876 0.01844640865712179 0.13581755651285216
3.141592653589793 1.884955592153876 0.30736168955520143 0.021007949417042406 0.14494119296129174
3.141592653589793 1.9477874452256718 0.3321659952517843 0.024205057190219818 0.1555797454369296
3.141592653589793 2.0106192982974678 0.36139977785662325 0.028255635404096854 0.1680941266198699
3.141592653589793 2.0734511513692637 0.39615102535889535 0.033474771300089044 0.18296111964045542
3.141592653589793 2.1362830044410597 0.4378622461868526 0.04032883996134044 0.20082041719242702
3.141592653589793 2.199114857512855 0.48847721595686006 0.04952627057395276 0.22254498550619548
3.141592653589793 2.261946710584651 0.5506633817696818 0.0621749117676068 0.2493489758703789
3.141592653589793 2.324778563656447 0.6281590677550748 0.08006528650385075 0.28295810026194823
3.141592653589793 2.387610416728243 0.7263290480031928 0.10620122634215344 0.3258852962963402
3.141592653589793 2.450442269800039 0.853077800662668 0.14583922407274955 0.38188902062346536
3.141592653589793 2.5132741228718345 1.0204001593556167 0.20862981218139032 0.45676012542842476
3.141592653589793 2.5761059759436304 1.2470404025578266 0.3132539365149767 0.5596909294556922
3.141592653589793 2.6389378290154264 1.562621078478136 0.49770744491242996 0.7054838374565572
3.141592653589793 2.7017696820872223 2.010975538291705 0.8405534363929572 0.9168170135817492
3.141592653589793 2.7646015351590183 2.6592030442597037 1.5123782548397207 1.2297878901825796
3.141592653589793 2.8274333882308142 3.6516694879569203 2.9593245067356855 1.7202687309649285
3.141592653589793 2.8902652413026098 5.265533257941389 6.414254141524433 2.532637783324815
3.141592653589793 2.9530970943744057 7.981764745052822 15.32547765050356 3.9147768327841574
3.141592653589793 3.0159289474462017 12.410534133026552 38.07049653553361 6.170129377536067
3.141592653589793 3.0787608005179976 18.132762858950716 82.12148828689438 9.06209072382827
3.141592653589793 3.1415926535897936 21.24101342641695 112.79516284530628 10.620506713208474
3.078760800517997 3.078760800517997 15.749732917878204 61.82833128665595 7.863099343557599
3.015928947446201 3.015928947446201 8.5460360333328 17.758482205315712 4.21408141892343
2.9530970943744057 2.9530970943744057 4.686692692005661 5.1158693660556125 2.261828765856428
2.8902652413026098 2.8902652413026098 2.8107309335825734 1.7719990816196363 1.331164558429812
2.827433388230814 2.827433388230814 1.8139688061750412 0.7243195957507882 0.8510696773771159
2.764601535159018 2.764601535159018 1.2266387461908896 0.33139723459987314 0.5756711166976098
2.701769682087222 2.701769682087222 0.8674979196472881 0.16815020893836452 0.41006122584117183
2.6389378290154264 2.6389378290154264 0.6361855274762436 0.09254539065886123 0.30421273914624486
2.5761059759436304 2.5761059759436304 0.4797394408124821 0.054063068603518054 0.23251466320109374
2.5132741228718345 2.5132741228718345 0.36977716186137455 0.03297565896180362 0.18159201238436568
2.4504422698000385 2.4504422698000385 0.2901267288230255 0.020740672902518503 0.14401622444196524
2.3876104167282426 2.3876104167282426 0.23104804875531385 0.013321842434358503 0.11542028606080693
2.324778563656447 2.324778563656447 0.18639603197197613 0.008669139000912034 0.09310821124321976
2.2619467105846507 2.2619467105846507 0.1521413169659232 0.0056767790330005796 0.07534440279808832
2.199114857512855 2.199114857512855 0.12555303675155083 0.0037172490187492918 0.06096924649976652
2.1362830044410592 2.1362830044410592 0.10472717233655665 0.0024188720753360654 0.0491820300042207
2.0734511513692633 2.0734511513692633 0.08830331285006482 0.0015534162937006514 0.03941340246287615
2.0106192982974678 2.0106192982974678 0.07528846135747932 0.0009764201553977821 0.03124772240336537
1.9477874452256716 1.9477874452256716 0.06494407755713265 0.0005941066067769434 0.02437430218030751
1.8849555921538759 1.8849555921538759 0.05671173784421405 0.000344323519276285 0.018555956436580815
1.82212373908208 1.82212373908208 0.050163048219740436 0.00018518324374773595 0.013608205015641701
1.759291886010284 1.759291886010284 0.04496516189107699 8.808188796383946e-5 0.00938519514788262
1.6964600329384882 1.6964600329384882 0.04085656272366792 3.329242603117315e-5 0.005769958928031737
1.6336281798666923 1.6336281798666923 0.03762975331146683 7.115728960543751e-6 0.0026675323729139166
1.5707963267948963 1.5707963267948963 0.03511867712923337 2.44140625e-19 4.941058844013092e-10
1.5079644737231006 1.5079644737231006 0.0331894395943956 5.2768617974712405e-6 0.002297142093443773
1.4451326206513047 1.4451326206513047 0.031733366235787 1.829874584171509e-5 0.004277703337272828
1.3823007675795087 1.3823007675795087 0.03066174325233592 3.584252361167413e-5 0.005986862585000104
1.319468914507713 1.319468914507713 0.029901786322436893 5.569279066843983e-5 0.007462760258003725
1.256637061435917 1.256637061435917 0.02939351820996076 7.634817173242575e-5 0.008737744087144332
1.1938052083641213 1.1938052083641213 0.029087327021756388 9.681293235916449e-5 0.009839356298008752
1.1309733552923253 1.1309733552923253 0.028942039793853062 0.00011644837021283834 0.010791124603711994
1.0681415022205294 1.0681415022205294 0.02892339059676561 0.00013486646309958175 0.011613202103622487
1.0053096491487334 1.0053096491487334 0.02900279390698814 0.0001518536019511638 0.012322889350763635
0.9424777960769379 0.9424777960769379 0.029156356340359013 0.0001673158661374274 0.012935063437704022
0.879645943005142 0.879645943005142 0.02936407618915788 0.00018123979342475776 0.013462532949811404
0.816814089933346 0.816814089933346 0.029609192117054872 0.0001936643303952692 0.013916333223779501
0.7539822368615501 0.7539822368615501 0.029877650874734735 0.00020466086126624255 0.014305972922742534
0.6911503837897541 0.6911503837897541 0.03015767045510539 0.00021431907223792238 0.014639640440868839
0.6283185307179586 0.6283185307179586 0.030439380505614757 0.00022273702840017878 0.014924376985327689
0.5654866776461627 0.5654866776461627 0.030714525939769685 0.00023001428756208475 0.015166221927760544
0.5026548245743667 0.5026548245743667 0.03097622258846855 0.00023624719490718236 0.015370334898992356
0.43982297150257077 0.43982297150257077 0.031218755887461928 0.00024152573199145047 0.015541098159121526
0.3769911184307748 0.3769911184307748 0.031437415387745214 0.00024593146173972085 0.015682202069215945
0.31415926535897887 0.31415926535897887 0.03162835938248405 0.00024953623530626933 0.015796715965866744
0.25132741228718336 0.25132741228718336 0.03178850515801528 0.0002524014180131487 0.015887146314336905
0.1884955592153874 0.1884955592153874 0.03191544133642057 0.0002545774585078092 0.015955483650074955
0.12566370614359146 0.12566370614359146 0.0320073595519174 0.000256103674555977 0.016003239501925132
0.06283185307179551 0.06283185307179551 0.0320630033480108 0.00025700816556642654 0.016031474216878075
-4.440892098500626e-16 -4.440892098500626e-16 0.03208163273638864 0.0002573077897581308 0.01604081636819432
